col_names	jun1_E_136	jun1_H2O_138	jun1_W_137	jun21_E_157	jun21_H2O_159	jun21_W_158	jun7_E_148	jun7_H2O_150	jun7_W_149	may10_E_109	may10_H2O_111	may10_W_110	may18_E_118	may18_H2O_120	may18_W_119	may25_E_127	may25_H2O_129	may25_W_128	may5_E_100	may5_W_101
710ecb4505ef3318c6df049aa439f507	0	0	0	0	0	0	0	0	0	0	0	0	0	0	0	0	0	0	0	0
e29f676da177554e5013d56793669bfd	0	0	0	0	0	0	0	0	0	0	0	0	0	0	16	0	0	0	0	0
fa19522f4a04124c8aeb8b8247645879	0	21	0	0	225	0	0	0	0	0	0	0	0	0	0	0	0	0	0	6
6598ffab6ef90f90ee7a86a9a16f5b82	0	0	0	0	0	11	0	0	73	0	0	0	0	0	17	0	17	0	0	0
6073febeabdbd40fcf17924a2e152926	0	0	0	0	0	0	0	0	0	0	0	0	0	0	0	0	0	0	0	0
970a0f4184a8820116f827e881f75110	0	0	0	0	0	13	8	0	0	0	26	0	0	0	0	0	0	0	0	0
878a35347f3e227d5ca7683772399708	0	0	0	0	50	8	0	0	0	0	0	0	0	0	0	0	0	0	0	0
f829f7dd05af5b9ae70b3cb07c41bb7a	0	0	0	0	101	0	0	0	0	0	0	0	0	0	0	0	0	0	0	0
5ab75def4e6aa82a790cbc92161365b1	0	0	0	0	0	0	0	0	72	0	0	0	0	0	34	0	0	0	0	0
9c0e35aab9c3645fa3182513b254cc5d	0	0	0	0	0	0	0	0	0	0	0	0	0	0	0	0	0	0	0	0
3a56418c128a5c2113b6b94af584ca21	0	0	0	0	0	0	0	0	0	0	0	0	0	0	0	0	0	0	0	0
54dd4aa26421356fd278e399d2603a0b	26	0	0	0	0	0	0	0	0	0	0	0	0	0	0	0	29	0	0	5
ccbef4f7fdf76aab7fed38193f0dbbb4	6	0	0	0	0	0	0	0	0	0	0	0	0	0	0	0	0	0	0	0
cd6b7936ba4c5252ce3773d276e695ac	0	0	0	0	97	0	0	0	0	0	0	0	0	0	0	0	0	0	0	0
c57c80b904fe1d31d276fe185494d61e	0	0	0	0	0	0	0	0	0	0	0	0	0	0	0	0	0	0	0	0
da95059d70300111c7e409ff878cd4b2	0	0	0	0	20	0	0	0	0	0	0	0	0	0	0	0	0	0	0	0
4e4ae9e7f5bb4a69d13620a178d74c04	12	14	0	0	56	0	0	0	0	0	0	0	0	0	0	0	0	0	0	0
d8afc147579e4912e2ee4c975e9374d2	0	0	0	0	0	0	0	0	0	0	0	0	0	0	0	0	0	0	0	18
72f19e4a71a7b7a9eaae18fef0a7b509	0	0	0	0	0	0	0	0	0	0	0	0	0	0	0	0	0	0	0	0
97ec2ec6d10f95240d3310c44fd3db1e	0	0	0	0	0	20	24	0	12	0	0	0	0	0	0	0	0	0	0	0
399fdcf9abac0d03b00f63e93edfd481	9	7	0	0	17	0	0	0	0	0	0	0	0	0	0	0	0	0	0	20
9c775120aef652d0ebfefa367692f9c1	0	0	0	0	0	0	0	0	0	0	0	0	0	0	0	0	0	0	0	0
835f49fc13f0f9a859af009937925151	0	0	0	0	0	30	0	6	0	0	0	0	0	0	0	0	0	0	0	0
a52fbbb649297c43a603cd22506cd9e7	0	0	0	0	0	0	0	0	0	0	0	0	0	0	0	0	0	0	0	0
a55c0f4fe077a95d784f11d613c7ac57	0	0	0	0	0	0	0	0	0	0	0	0	0	0	0	0	0	0	0	0
411dc3c2024aedcc3a2e98373cbfd904	0	0	0	0	0	0	0	0	0	0	0	0	0	0	0	0	0	0	0	0
b0c765a76a3bd24405f68a14ece65115	0	0	0	0	0	0	0	0	17	0	0	0	0	0	0	0	9	10	0	0
b3c35c04f4a0b80371156dd6483f1b25	0	0	0	0	0	0	0	0	0	0	0	0	0	0	0	0	0	0	0	0
3e51096079fef010c96d3d1c3d93a302	0	0	0	0	0	0	0	0	0	0	0	0	0	0	0	0	0	0	0	0
869675838f1756f60370351cfa029b05	0	0	0	0	0	0	0	0	0	22	0	0	0	0	0	0	0	0	0	0
1d3c6367e5f30af163aedf4e59eadeed	0	0	0	0	0	0	0	0	0	0	0	0	0	0	0	0	0	0	0	0
7491e559c46784c3c627e6d37ef33128	0	0	0	0	0	0	0	0	0	0	0	0	0	0	0	0	0	0	0	0
07d8d1545671fcbe90bfbecd0552c767	0	0	0	0	0	0	0	0	0	0	0	0	0	0	0	0	0	0	0	0
dcca180ea4c788f281ef90007ddbb882	0	0	0	0	0	0	0	0	0	0	0	0	0	0	0	0	0	0	0	0
7a53176307f0f04ba8ff4fed2cb4c274	0	0	0	0	0	0	0	0	0	0	0	0	0	0	0	0	0	0	0	0
32693189c9b57f4523ea52ed37c56f3a	0	0	0	0	0	0	0	0	0	0	0	0	0	0	0	0	0	0	0	0
c613f331cf39789e2b4cf12aa809ac30	11	0	0	0	0	0	7	0	0	0	0	0	0	0	0	0	0	0	0	0
6750c6f1b2e9b5eb18c01044ef04b255	0	0	0	0	0	0	0	0	0	0	0	0	0	0	0	0	0	0	0	0
b708275c3105741a969f2b1d91eee3af	0	0	0	0	0	0	0	0	0	0	0	0	0	0	0	0	0	0	0	0
6cd8319c6946505cf0dd7ba3101ca336	0	0	0	0	0	0	0	0	0	0	0	7	0	0	0	0	15	0	0	0
d71646d454f76e1aef54ae0da4e0f01a	0	0	0	0	0	0	0	0	0	0	0	0	0	0	0	0	0	0	0	0
f5e86a9841f8fb6613b42e1df9d229fa	0	0	0	0	0	0	0	0	14	0	0	0	0	0	0	0	0	0	0	0
64b9e03a0212b6329740bdb020669889	0	0	0	0	0	0	0	0	0	0	0	0	0	0	0	0	0	0	0	0
c931b5b3c970964334341007cd402e96	0	0	0	0	0	0	0	0	0	0	0	20	0	0	0	0	0	0	0	0
6e62698c5e7896acb3a16c75c2adec1e	0	0	0	0	0	0	0	0	0	0	0	0	0	0	0	0	0	0	0	0
38abf872c874e6d8100b4ef46b8c40fd	0	0	0	0	0	0	0	0	0	0	0	0	0	0	0	0	0	0	0	0
951da216cb3423c01f473555ea9e8128	0	0	0	0	0	0	0	0	0	0	0	0	0	0	0	0	18	0	0	0
509ace08b5aa48a88deb5bdad25845d3	0	0	0	0	0	0	0	0	0	0	0	0	0	0	0	0	0	0	0	0
d9f8ab9eab576c318fe0b1eb43da07ed	0	0	0	0	0	0	0	0	0	6	0	0	0	0	0	0	0	0	0	0
8900780275e350936a795ffde79879d5	0	0	0	0	0	0	0	0	0	0	0	0	0	0	0	0	0	0	0	0
3ee42b2263827ef0cb35c3a525005617	0	0	0	0	0	0	0	0	0	0	0	0	0	0	0	0	0	0	0	14
307e30fc4ade482047b5460bc259786e	0	0	0	0	0	0	0	0	0	0	0	0	0	0	0	0	0	0	0	0
349a635ea622db56824934499ab10052	0	0	0	0	0	0	0	0	0	0	0	0	0	0	0	13	0	0	0	0
f4354a66d0a2738963b137ed5287cb37	0	0	0	0	0	0	0	0	0	0	0	0	0	0	0	0	0	0	0	0
76a5de16dfe2c7ea1ea2b07fe440856b	0	0	0	0	0	0	0	0	0	0	0	0	0	0	0	0	0	0	0	0
0c34338dfac6da1a338833f8c163fe16	0	0	0	0	0	0	0	0	0	0	0	0	0	0	0	0	0	0	0	0
784833580054b0b8670ff0d1642746ee	0	0	0	0	12	0	0	0	0	0	0	0	0	0	0	0	0	0	0	0
a374682230a829573120efb75d1bd96b	0	0	0	0	0	0	0	0	0	0	0	0	0	0	0	0	0	0	0	0
0ed2e810f88dd9a532e34fef3097f56a	0	0	0	0	0	0	0	0	0	0	0	0	0	0	0	0	0	0	0	10
2d3181c6a21fd8774c7e24773f5d5e05	0	0	0	0	0	0	0	9	0	0	0	0	0	0	0	0	0	0	0	0
8fbb21ca159cc3634eefc2ac3fb18890	0	0	0	0	0	8	0	0	0	0	0	0	0	0	0	0	0	0	0	0
51834b6bdce20b0652ea8f156544daf0	0	0	0	0	0	0	0	0	0	0	0	0	0	0	0	0	0	0	0	0
c6c1e4b5e6be7d0464c5632b61783418	0	0	0	0	0	0	0	0	0	0	0	0	0	0	0	0	0	0	0	0
30bac70d2c127e7fb4a2e60a9bffc196	0	0	0	0	0	0	0	0	0	0	0	0	0	0	0	0	0	0	0	0
2ad954c8a1bab5c107e52abbfcc3c7f4	0	0	0	0	0	0	0	0	0	0	0	0	0	0	0	0	0	0	0	0
1ded7b3ea35d5ee270110b832d3dc84c	0	0	0	0	0	0	0	0	0	0	6	0	0	0	0	0	0	0	0	0
eceddaca443bec367cef72b93e49d8f3	0	0	0	0	0	0	0	0	0	0	0	0	0	0	0	0	0	0	0	0
1b0ee00b00aab7891e4c025707e01e77	0	0	0	0	0	0	0	0	0	0	0	0	0	0	0	0	0	0	0	0
d9402684cb03109953d876c3589af9ae	0	0	0	0	0	0	0	0	0	0	0	0	0	0	0	0	0	0	0	0
6e68d251852281fdf324ead7e704ba16	0	0	0	0	0	0	0	0	0	0	0	0	0	3	0	0	0	0	0	0
93a7a1a68934375a64cb03bdf91bb6ed	61	0	134	0	4	0	0	0	1379	51	15	455	368	0	100	55	0	0	0	4
e56660f2f887bc957e46563a2a826d2a	2615	1024	8379	83	224	98	0	7	541	324	20	15	976	180	2077	7057	692	2751	491	2583
71a02d4f55a9ad688238a55d59a903e7	0	17831	5648	0	752	0	10	1236	112	0	0	0	328	1436	0	943	491	75	0	79
e4be7e020ccb7b8db61cc88049ca17f1	40	201	223	0	135	57	0	0	0	0	219	0	627	47	0	422	321	523	13	79
8e5022d1281d9ec0647ed1f17400fb67	49	0	282	25	0	0	0	0	0	69	480	127	2473	0	7	7714	115	3749	0	0
5abf5669340420916ec40cbdd0e55d24	22	579	498	149	105	17	0	20	19	103	202	0	287	194	0	1352	383	689	36	0
3af5ba723131bdae7a9efe4c09c36190	0	0	0	9	0	0	0	0	0	0	0	0	0	0	0	0	0	0	0	0
5f6701937679120c7904d66ed0acd41c	0	0	32	0	207	833	0	0	172	0	0	0	165	0	0	125	0	0	0	0
8dc0ea9f9c4c515273dc2d5173387579	0	19	127	0	5	0	0	0	411	94	638	76	40	40	290	179	106	39	245	270
95777627e0e8e3d6564287abfc76f94a	0	0	602	0	0	0	25	0	4438	180	651	914	245	0	1683	0	0	0	147	0
b61011dd4544962929d6def0e3dff0d3	0	0	0	0	0	0	0	0	0	0	0	0	0	0	0	0	0	0	0	0
b5a254fd8246630fc70fc554f797ae97	0	0	0	0	0	0	0	0	0	0	0	0	0	0	0	27	0	0	0	0
312c7036283000719df37539f1b70278	0	323	80	12	225	47	0	29	7	27	94	104	0	425	73	40	611	386	104	2672
b6f6e95fbd4af8ecce015addc00d751b	0	0	2991	0	153	704	0	0	0	0	0	0	59	0	0	0	0	107	7	0
aeb79c24c28a1703afa40e57276c86bf	0	0	0	0	0	0	0	0	0	0	0	0	0	0	0	0	0	0	0	0
b11162d4f31753816928af9e47b9f715	403	125	1275	34	776	71	0	28	0	0	0	0	0	0	0	105	107	49	0	0
f23328c9fa07f8f543abb8a44b432e52	267	158	181	81	72	58	0	154	68	15	0	0	34	204	0	849	145	50	0	0
79665684c2e22a0df26bcf25a733ec11	393	173	319	0	0	0	0	0	126	0	29	0	16	0	0	669	83	878	62	30
e4ce8dce2cb19cd414fb0b8bf72fa067	0	0	0	0	0	0	0	0	0	0	0	0	0	0	0	0	0	0	0	0
7561e005fdb615818b7f65873ef4f6b4	0	578	0	0	80	0	0	35	91	0	0	0	136	36	0	521	1418	0	0	0
fba7392ffa200f3c4c28275b3de92aa3	0	45	230	0	108	37	0	60	46	0	48	0	137	12	0	493	853	599	26	0
bd12ba5777ff5b7fc5fbb4a34d40d2f4	0	0	0	0	0	0	60	0	86	0	144	0	27	0	0	0	0	24	0	0
5db9c928fe9b94bf240e91695ec3dea0	0	0	0	0	0	0	0	0	0	0	257	106	0	0	0	0	0	0	0	0
83a5930da3fde5174fb0b54b36ed83d2	0	0	0	0	39	0	0	0	0	0	5	165	21	0	0	587	74	106	222	108
09d903ea0a5d4e5ff79bd9eadb230f5a	0	0	28	0	0	0	0	0	0	0	22	0	0	0	0	56	0	49	0	0
36442ff3164da4f5e05389527bfe1937	112	19	102	0	0	0	0	0	0	0	49	0	0	0	0	802	3	47	0	0
c6409fd021cbcc236042125a17958932	0	36	58	8	16	35	0	16	0	5	409	8	82	0	0	27	42	60	0	0
f3310647c8d88f0cb6c908add39857cc	0	0	0	0	0	0	0	0	0	0	0	0	0	0	0	86	0	32	0	0
c132328ef0929b3d492117e16ad10c34	0	0	106	0	0	0	0	0	43	0	20	0	0	0	0	0	0	0	0	0
5abe4f4ec07d0d72bd962788cf7ec03c	0	18	6	0	0	35	0	0	0	0	1267	0	63	0	0	12	0	0	0	0
9af774d63bf869a296c3708419e93985	0	0	0	11	0	0	0	0	0	0	0	0	0	0	0	0	0	0	0	0
d70f018cc575f38e7325cc23dcc85bea	34	17	228	75	10	0	274	0	161	0	0	0	97	0	0	665	4	120	0	0
365bd60700e3a5fb28920543c63a6345	0	0	0	0	0	0	0	0	0	0	0	0	0	0	0	0	0	0	0	0
2ed489b12764a88998cb051524056d6c	0	0	0	0	0	0	0	0	0	0	11	0	44	0	0	111	0	0	0	0
3b53b0f3001955b8b0b84f0a8c107b1e	30	79	0	20	35	36	0	34	182	10	0	0	17	0	0	241	218	83	21	0
02f1431a44a94e4bd06c0877daac2966	0	0	0	0	0	0	0	0	0	0	0	0	0	0	0	0	0	0	0	0
f735883803424fd90284bdb8c158ab96	0	0	0	17	136	17	0	0	0	0	0	0	10	0	0	0	0	0	0	0
740ae761441875cf763dfc1a63ddc999	0	0	0	0	38	0	0	0	0	0	0	0	0	0	0	0	0	0	0	0
aac3a2791e3f2f6b96c8dd80d99cbc06	0	150	0	0	24	0	0	0	0	0	0	0	0	27	0	0	0	0	0	0
21e1d5e1adb26b86177e7da84ac0baf0	0	219	141	0	0	0	0	97	0	0	0	0	0	0	0	14	71	0	0	353
650fd97ff59fdbd31e4a97331fa15d41	0	0	135	0	0	0	0	0	0	0	0	0	0	49	0	60	0	0	0	0
142cba7a5ef346f6df72bd644ac606df	0	43	0	0	7	0	0	53	0	0	0	0	35	0	0	0	0	0	0	0
bede3cc8c7a43188bd90329a0aec7a32	0	0	0	0	236	0	0	0	0	0	0	0	0	0	0	0	0	0	0	0
5034a3a743b67703224aea6df15d9046	0	432	0	0	32	0	0	0	0	0	0	0	0	0	0	30	0	0	0	0
43289482e53a6fecf7da52398ce8acb8	0	0	0	0	0	0	0	0	0	0	0	0	260	0	0	29	0	0	0	0
0571738598caf5af8d4476eb8b515151	0	0	0	0	0	0	0	0	0	0	0	0	0	0	0	0	0	0	0	0
bea64f96c7e36d86cb5429529a6805d0	0	0	0	0	0	0	0	0	0	0	0	0	0	0	0	0	0	0	0	0
46e70d0e2f665d9548a453a36fac4a97	0	22	33	0	59	59	0	0	213	0	0	0	0	11	0	0	0	13	0	0
ec390d489a804f47d4afb0f82ee1af6d	0	0	147	0	44	0	0	0	0	0	7	0	26	0	0	0	5	0	0	0
b833f01b7374599d12061f7968f1d9c3	0	0	0	0	0	0	0	0	0	0	0	0	0	0	0	0	0	0	0	0
d3d485e1f6dc9e536b62c96b71a8899a	0	0	0	39	0	0	0	0	0	0	0	0	0	0	0	0	0	0	0	0
29d5a2dd1737b663b0c5d481ad0105cf	0	0	0	0	0	0	0	0	0	0	0	0	0	0	0	0	0	0	0	0
d21cd6a989203baa24bca02abaa69a57	0	0	24	0	0	7	0	0	0	0	0	0	0	0	0	31	0	0	0	0
a4f39b91e6cdfc5196c5a92c56857bd1	0	0	0	0	0	0	0	0	0	0	0	0	0	0	0	40	0	0	0	0
ff7a2047d4aa4fab6853ddaf9de09717	0	0	0	0	0	0	0	0	0	0	0	0	68	0	0	16	0	0	9	0
90fd2d1d415f7eef4e2739cbd7ccb829	0	0	0	0	0	0	0	0	0	0	0	0	0	0	0	0	0	0	0	0
0e3167cdfdf4385c15dfb76742ceb128	0	0	0	0	133	0	0	0	0	0	0	0	97	0	0	0	0	0	0	0
fcf998f386d3ce4182a0eca43b3607cb	0	0	0	0	0	0	0	0	163	0	20	0	0	0	0	13	0	51	0	0
29520bf2feb56ec408f49c57d54443ad	0	10	0	0	0	0	0	61	0	0	0	0	27	0	0	30	0	8	0	0
4b5cb5a8230203056b134ca73a45b9b9	0	0	0	14	0	12	0	0	22	0	0	0	0	0	0	37	0	0	0	0
0455bea85fd30a3e26674e957b8d6a5c	0	0	0	0	0	0	158	0	0	0	0	0	0	0	0	0	0	0	0	0
cc79a9843868425ac609c69158be781b	0	0	0	0	0	0	0	0	0	0	0	0	0	0	0	0	0	0	0	0
8c4508e3631b2033e0cec22dbae1fc94	0	0	0	0	0	0	0	0	0	0	0	0	0	0	0	0	0	0	0	0
62e96f6eb0d9c21ca193f33925db465f	0	0	0	55	55	32	0	0	0	0	0	0	0	0	0	0	0	0	0	0
e04e126696933e61ff362ebd9ee3770f	0	0	51	0	55	0	0	64	0	0	0	0	0	0	0	0	0	0	0	0
cf8687dcd03bd176bcd09fea0db3d92b	0	0	0	47	0	0	0	0	0	0	0	0	0	0	0	0	0	0	0	0
8ec05a9469417ace9317f46583324ed4	0	25	45	0	22	0	0	0	0	0	0	0	0	0	0	18	0	0	0	0
403676a14de7a92b9d2cf81d77198db6	0	0	0	0	0	0	0	0	0	0	0	0	0	0	0	0	0	0	0	0
f37b9320f46a0ddd4c7832f67dabc007	0	0	0	0	0	0	0	0	0	0	0	0	0	0	0	0	0	0	0	0
8ca72633c455a4dcd0864e44b0f06dd1	0	0	0	0	0	0	0	0	0	0	0	0	0	88	0	0	0	0	0	0
c9c2e43509394fea25c9d9f3c26ba58e	0	0	0	0	0	0	0	0	0	0	5	0	0	0	0	0	0	0	0	0
ab6d71fccffadb3f7a72f8ec9fbc2673	0	0	0	0	0	0	0	0	0	0	0	0	0	0	0	0	0	0	0	0
e09be27aeb2034352b1bcf784447820f	0	0	0	0	29	0	0	0	0	0	0	0	0	0	0	70	0	0	0	0
816940008461a028f4002370ac6135e0	0	0	0	0	0	0	0	0	0	0	52	0	0	0	0	0	0	0	0	0
d20ce180af1863ee2d8ea45e7b072ec1	0	0	0	0	0	0	0	0	145	0	0	0	0	0	0	0	0	0	0	0
baaaab214ddb72326d8523e6e687a7ee	0	0	0	0	0	0	0	0	0	0	0	0	0	0	0	0	0	0	0	0
751f8605e682945073ba9ec1a783fb6d	0	0	0	0	0	0	0	0	0	0	0	0	0	0	0	0	0	0	0	0
83d7e4a13146781b75655cc637c1273e	0	0	0	0	0	0	0	0	0	0	0	0	0	0	0	18	0	0	0	0
dd913a0b45de5de10da68f9650bd27c2	0	0	0	0	0	0	0	0	0	0	0	0	0	0	0	0	0	0	0	0
e1677cad735f56d3919e71b97c85418f	0	0	0	70	57	0	0	0	0	0	0	0	0	0	0	0	0	0	0	0
9b102d380fecf873027357af778ec13f	0	0	0	0	0	0	0	0	0	0	0	0	0	0	0	0	0	0	0	0
bc5da0f86fbd1abfb9dfce5742a6779f	0	0	0	24	0	0	0	0	0	0	0	0	0	0	0	47	0	0	0	0
87613286cb2c288233e8c27231bcd8f1	0	0	0	0	0	0	0	0	0	0	0	0	0	0	0	0	0	0	0	119
c553e15523b286c96e6305d42d69bc47	0	0	0	0	0	0	0	0	0	0	0	0	0	0	0	0	0	0	0	0
0ee5141e2c242eda74d7b6d5090d1deb	0	0	0	0	0	0	0	0	45	0	0	0	0	0	0	0	0	0	0	0
b8426421accb0c3d811400394683b210	0	0	0	83	0	0	0	0	0	0	0	0	0	0	0	0	0	0	0	0
0c5e4a53ba34e6436c54900d65dc4999	0	0	0	0	27	0	0	0	0	0	0	0	77	0	0	0	0	0	0	0
82b41622e2b04fccdb9244d66b5315db	0	0	0	103	0	0	0	0	0	0	0	0	0	0	0	0	0	0	0	0
c1a9ca138c2d5c5325f93af53aea8619	0	0	0	0	0	0	0	33	70	0	0	0	0	0	0	0	0	0	0	0
e2c628fd08e20e76a91c142b54e21a2a	0	0	0	0	0	0	0	0	0	0	0	0	0	0	0	0	0	0	0	0
ec85f42dccc9614043fc143ef6846a82	0	0	0	0	0	0	0	0	0	0	0	0	0	0	0	0	0	0	0	0
50044ee0cc641594222c745d89801187	0	0	0	0	0	0	0	0	0	0	0	0	0	0	0	0	0	0	0	0
f36be9eb6dad56701a58413625546798	0	0	0	0	0	0	0	0	0	0	0	0	0	0	0	0	0	0	0	0
82b5403937e08146a64d6101d2cb880c	0	0	0	0	0	0	0	0	0	0	0	0	0	0	0	0	0	0	0	0
1ec9ea0408ebce901ecc82f066e5b4fe	0	0	0	0	0	0	0	0	0	0	0	0	0	0	0	0	0	0	0	0
e44bce57a171aee5e58f13e3525d4e53	0	0	0	0	0	0	0	0	0	0	0	0	0	0	0	0	0	0	0	0
6d41e3171e275314f7a30e00b8879d70	0	0	0	0	0	0	0	0	0	0	0	0	0	0	0	0	0	0	0	0
be05fa6a15759506bdb01d9ab008f425	0	0	0	0	0	0	0	0	0	0	0	0	0	0	0	0	0	0	0	0
20d8a8560df311e593e070d44db94cd7	0	0	0	0	0	0	0	0	0	0	0	0	0	0	0	0	0	0	0	0
b8012faae137df2f421936fe2760173e	0	0	0	0	0	0	0	0	0	0	0	0	0	0	0	0	0	0	0	0
c6738c34196636a5bbbd5211733e38d9	0	0	0	0	0	0	0	0	0	0	0	0	0	0	0	0	0	0	0	0
ab3cf208fa384d88a2ca676488b394aa	0	0	0	0	0	0	0	0	0	0	0	0	0	0	0	0	0	0	0	0
39e13982b10142012157c59d4c2f4881	0	0	0	0	0	0	0	0	0	0	0	0	0	0	0	0	0	0	0	0
01d0808d31ade375eee8096a836bd4c1	0	0	0	0	0	0	0	0	0	0	0	0	0	0	0	0	0	0	0	0
f1eacd054acaa5a028e3ad3434baa434	0	0	0	0	0	0	0	0	0	0	0	0	0	0	0	0	0	0	0	0
867b8d2e6e289edb89304db8da8d4a6c	0	0	0	0	0	0	0	0	0	0	0	0	0	0	0	0	0	0	0	0
41da3504a70029e3df3b5d8e2d39a2b0	0	0	0	0	0	0	0	0	0	0	0	0	0	0	0	0	0	0	0	0
ae1902cbcdd30f51dba0d97b30d770b2	0	0	0	0	16	0	0	0	0	0	0	0	0	0	0	51	0	0	0	0
e6a2c696b878d825c7ad49d59281ca0a	0	0	0	0	0	0	0	0	0	0	0	0	0	0	0	67	0	0	0	0
55a1c729d9c6eef17027c2904d915549	0	0	0	0	0	0	0	0	0	0	0	0	0	0	0	0	0	0	0	0
79bd07da956d7dbf2800bbed9d2e4435	0	0	0	0	0	0	0	0	0	0	0	0	0	0	0	33	0	0	0	0
bb9459cb7dffae541aa12dd7a52561bf	0	0	0	0	0	0	0	0	0	0	0	0	0	0	0	54	0	11	0	0
6b89e482bef6a39d8629636b6e5c991b	0	0	0	0	0	0	0	0	0	0	0	0	0	0	0	0	0	0	0	0
6324c60f1c6ecd657894d19660dc3392	0	0	0	0	0	0	0	0	0	0	0	0	0	0	0	0	13	0	0	0
975fd3d098c120e5a106f8144a77655f	0	0	0	0	0	0	0	0	0	0	0	0	0	0	0	0	0	0	0	0
a6a2f364cfcbbafeca8b773e47dc137e	0	0	0	0	0	0	0	0	0	0	0	0	0	0	0	0	0	0	0	0
23b18fcfd9ede6f036451ad8b38064fd	0	0	0	0	0	0	0	0	0	0	0	0	0	0	0	0	0	0	0	0
36604c8bc8e2d5835f1fdb1555ece6bf	0	0	0	0	0	0	0	0	0	0	0	0	0	0	0	0	0	0	0	0
113bc0f44cf8b48ec58f94b5e32da3b5	0	0	0	0	0	0	0	0	0	0	0	0	0	0	0	0	0	0	0	0
0d0de99abf2440b20a0c555bec4e8987	0	0	0	0	0	0	0	0	0	0	0	0	0	0	0	59	0	0	0	0
9d0cbe67a3cd8b52d7442fdeca8d879a	0	0	0	0	0	0	0	0	0	0	0	0	0	0	0	0	0	0	0	0
e42fa698794cf27da8c646b9511e0219	0	0	0	0	0	0	0	0	0	0	0	0	11	0	0	0	0	0	0	0
c03d8ef81f67f21638eb68ca95f61044	0	0	0	0	55	0	0	0	0	0	0	0	0	0	0	0	0	0	0	0
bb0e93d457839ea130468c629ddaef51	0	0	0	0	0	0	0	0	0	0	0	0	55	0	0	0	0	0	0	0
45804aa5d8264922ce898f4f1bcca613	0	0	0	0	0	0	0	0	0	0	0	0	0	0	0	0	0	0	0	0
1d7646d7be6b7bd2af87bc5112a2d1b8	0	0	0	0	0	0	0	0	0	0	0	0	0	0	0	0	0	0	0	0
4e3bb72e2f5408e344cbe9f984207234	0	0	0	0	0	54	0	0	0	0	0	0	0	0	0	0	0	0	0	0
c39bf97ce1a5f10b6929284d1b7047e7	0	0	0	0	0	0	0	0	0	0	0	0	0	0	0	0	0	0	0	0
0aacdd9103d2349b926c5e53c8418b74	0	0	0	0	0	0	0	0	0	0	0	0	0	0	0	0	0	0	0	52
20e53b8106ea1239b5e018671a14449f	0	0	0	0	0	0	0	0	0	0	0	0	0	0	0	0	0	0	0	0
4524ddd3380e020ce0d4df0eb1729190	0	0	0	0	0	0	0	0	0	0	0	0	0	0	0	0	0	0	0	0
339eb1d9b9a5b2bd9656f500b3674999	0	0	0	0	0	0	0	0	0	0	0	0	0	51	0	0	0	0	0	0
edbaf13278ddc56cfeb456fc5b67c54f	0	0	0	0	0	49	0	0	0	0	0	0	0	0	0	0	0	0	0	0
fd1502980503feccf2a3ce236bfd9dbb	0	0	0	0	0	0	0	0	36	0	0	0	0	0	0	0	12	0	0	0
a3ad749c9b77d0ee2a9da9939a9b8f05	0	0	0	0	0	0	0	0	0	0	0	0	0	0	0	0	0	0	0	0
d4bc8357103cf3266a23c96c58f42bc2	0	0	0	0	0	0	0	0	0	0	0	0	0	0	0	0	0	0	0	0
5e2375bc45469465bb34353d3b0b8c46	0	0	0	0	0	0	0	0	0	0	0	0	0	0	0	46	0	0	0	0
7d4966f4ae3f7cd3b0bfc75a2e87fed2	0	0	0	0	0	0	0	0	0	0	0	0	0	0	0	0	0	0	0	0
e334d5627a7db276834595878733cc92	0	0	0	0	0	0	0	0	0	0	0	0	0	0	0	0	0	0	0	0
2f65c91e14befc3e3d62dc92e12e9313	0	0	0	0	0	0	0	0	0	0	28	0	0	0	0	0	0	0	0	0
060e7a6e5b5a53888b5a9afda5777e07	0	0	0	12	0	0	0	0	0	0	0	0	0	0	0	21	0	0	0	0
5a0eda03c223ade225a5dca127c32b5b	0	0	0	0	0	0	0	0	0	0	0	0	0	0	0	0	0	0	0	0
bc5c2859b46145c6b7c35ec650c3bd65	0	0	0	0	0	0	0	0	0	0	0	0	0	0	0	0	0	0	0	0
0e816ee4e92b4674c1877d1291f547c2	0	0	0	0	0	0	0	0	0	0	0	0	0	0	0	0	0	0	0	0
00e1402045ef6cb3e0b636019dcdcf5d	0	0	0	0	0	0	0	0	0	0	0	0	0	0	0	0	0	0	0	0
65f6134f44a7e2ce2a81ccb14d53f74d	0	0	0	0	0	0	0	0	0	0	0	0	0	0	0	0	0	0	0	0
24903d7dc11accfced283aa8c628ade2	0	0	0	0	0	40	0	0	0	0	0	0	0	0	0	0	0	0	0	0
e1d69a053e7196849a4e4145379403a7	0	0	0	0	0	0	0	0	0	0	0	0	0	0	0	0	0	0	0	0
14fa639b3c4cf698641f1f5b4e82c36f	0	0	39	0	0	0	0	0	0	0	0	0	0	0	0	0	0	0	0	0
971f7a410766982a22092e949aad737a	0	0	0	10	0	0	0	0	0	0	12	0	0	0	0	0	0	0	0	0
a5472f69b30a1fd28acef1c30245074c	0	0	0	0	0	0	0	0	0	0	0	0	0	0	0	0	0	0	0	0
72fd10e90cefc08e3bf9ca7de77b7118	0	0	0	0	0	0	0	0	0	0	0	0	0	0	0	0	0	0	0	0
04f03126c1a8651203740a353bcf5cfc	0	0	37	0	0	0	0	0	0	0	0	0	0	0	0	0	0	0	0	0
b3c083418b761eaa8672ff4502776f2b	0	0	0	37	0	0	0	0	0	0	0	0	0	0	0	0	0	0	0	0
31fd4c5e5f1fc1606507d38d0348551f	0	0	0	0	0	0	0	0	0	0	0	37	0	0	0	0	0	0	0	0
fe7238b01e7bb0d9dcf25c0bb15887ac	0	0	0	0	0	0	0	0	0	0	0	0	0	0	0	0	0	0	0	0
81c730044e8c446ebce094eb0d837a32	0	0	0	0	0	0	0	0	0	0	0	0	0	0	0	0	0	0	0	0
763a76a40c039ac25e62240d4f918bbe	0	0	0	0	0	0	0	0	0	0	0	0	0	0	0	36	0	0	0	0
841097d1d9e085b6b5587ec4b1bd53c0	0	0	0	0	0	0	0	0	0	0	0	0	0	0	0	36	0	0	0	0
16c00e336ea5bf101f87ec8cf13f0292	0	0	0	0	0	0	0	0	0	0	0	0	0	0	0	0	0	0	0	0
d93b5b07c4e0985487a43cad83a7db02	0	0	0	0	0	0	0	0	0	0	0	0	0	0	0	0	0	0	0	0
b1ac8af02478eff1cec90e1fc8298aa7	0	0	35	0	0	0	0	0	0	0	0	0	0	0	0	0	0	0	0	0
87d26d095f6c505ee527aa3d930db0c7	0	0	0	0	0	0	0	0	0	0	0	0	0	0	0	35	0	0	0	0
4586da874e37ef57ac5072a748a4272c	0	0	0	0	0	0	0	0	0	0	0	0	0	0	0	0	0	0	0	0
aa80c6fa430f5a7b42ffc4c00ff7b147	0	0	0	0	0	0	0	0	34	0	0	0	0	0	0	0	0	0	0	0
5b33326ef5a0ea4344318c82c2bf14c3	0	0	0	0	0	0	0	0	0	0	0	0	0	0	0	0	0	0	0	0
7bcc4f3ec76551e3225aca30d3c2d35e	0	27	0	0	0	0	0	0	0	0	0	0	0	0	0	0	0	0	0	0
8856b0d6c39825cb6a9d2bc5214577dd	0	0	0	0	0	0	0	0	0	0	0	0	0	0	0	0	0	0	0	0
88920221110b82fc10ccb19319ebba07	0	0	33	0	0	0	0	0	0	0	0	0	0	0	0	0	0	0	0	0
d5e6c463807ef900324871c3aaced2f9	0	0	0	0	0	0	0	0	0	0	0	0	0	0	0	0	0	0	0	0
0a13d67cde8cfda8c9b8651bb01a14e4	0	0	0	0	0	0	0	0	0	0	0	0	0	0	0	0	0	0	0	0
1d33cee1a9b9ae4e5881652d780b4d7d	0	0	0	0	0	0	0	0	0	0	0	0	0	0	0	0	0	0	0	0
a5b87a046cf98232c2feb7aa53b9b98d	0	0	0	0	0	0	0	0	0	0	0	0	0	0	0	0	0	0	0	0
8e9132076df483231114319434de600a	0	0	0	0	0	0	0	0	0	0	0	0	0	0	0	0	0	0	0	0
dbd6fc055e6799f7c5f7ac83351179f1	0	0	0	0	0	0	0	0	0	0	0	0	0	0	0	0	0	0	32	0
d6e048c6d8eecdd81ad606568db78f27	0	0	0	0	0	0	0	0	0	0	0	0	0	0	0	0	0	0	0	0
eb3f76dd51a924bbb3999e69602d0b5d	0	0	0	0	0	0	0	0	0	0	0	0	0	0	0	0	0	0	0	0
31fe57c27c4f918d7c2c76811ae8f65c	0	0	0	0	0	0	0	0	0	0	0	0	0	0	0	0	0	0	0	0
d319c192af37ec014b89827fd4cf7325	0	0	0	0	30	0	0	0	0	0	0	0	0	0	0	0	0	0	0	0
c8391c53706cd6906ba2bc2d5b6c63b1	0	0	0	0	0	0	0	0	0	0	0	0	0	0	0	0	0	0	0	0
cd7f62849cb914f3931a5cec115b4a44	0	0	0	0	0	0	0	0	0	0	0	0	0	0	0	0	0	0	0	0
4606e03fd2991c6c467f6d1c5b7f1ba8	0	0	0	0	0	0	0	0	0	0	0	0	0	0	0	0	0	0	0	0
5dbfe98f935edf803b9cfa75f0cf197e	0	0	0	0	0	0	0	0	22	0	0	0	0	0	0	0	0	0	0	0
a13808b71ef0b745bbad79b31d7e9f3b	0	0	0	0	0	0	0	0	0	0	0	0	0	0	0	0	0	0	0	0
8f2d626973a7fe5d58ba3f867e1d0f51	0	0	0	0	0	0	0	0	0	0	0	0	0	0	0	0	0	0	0	0
b1820d797923f551d2d474a05aed91e0	0	0	0	0	0	0	0	0	0	0	20	0	0	0	0	0	8	0	0	0
9e9167e0a8f957bc08da4f2920e328c4	0	0	0	0	0	0	0	0	0	0	0	0	0	0	0	28	0	0	0	0
2389da4b862309dcbbcd8ae1aadbfa7a	0	0	0	0	0	0	0	0	0	0	0	0	0	0	0	0	0	0	0	0
8bde235a072735666f5b9d8ee996ca56	0	0	0	0	0	0	0	0	0	0	0	0	0	0	0	0	0	0	0	0
1f1f6b00939ce4accab6b8321afa0c92	27	0	0	0	0	0	0	0	0	0	0	0	0	0	0	0	0	0	0	0
c347f56557ebbb24b68e5735476208c0	0	0	0	0	0	0	0	0	0	0	0	0	0	0	0	0	0	0	0	0
6b90705e46ac78f2834acbc6ba96e268	0	0	0	0	0	0	0	0	0	0	0	0	0	0	0	0	0	0	0	0
351030d811e6514842a3ac89a2d75d0e	0	0	0	26	0	0	0	0	0	0	0	0	0	0	0	0	0	0	0	0
eb30ce163748ef82f32762dbe6f94cae	0	0	0	0	0	12	0	0	0	0	0	0	0	0	0	14	0	0	0	0
3ba2fc1af7c02af93acc1ad39f4813b9	0	0	0	0	0	0	0	0	26	0	0	0	0	0	0	0	0	0	0	0
3d5a19e8ef40c4d409ca11a4c64d4d14	0	0	0	0	0	0	0	0	0	0	0	0	0	0	0	0	0	0	0	0
59f10ab993630e23acde77815a5aa9c1	0	0	0	0	0	0	0	0	0	0	0	25	0	0	0	0	0	0	0	0
8a6ce148670394ea0cd0fab759dbd7c0	0	0	0	0	0	0	0	0	0	0	0	0	0	0	0	25	0	0	0	0
b7f05f2ee229be4731ae8d2982bf0cc3	0	0	0	0	0	0	0	0	0	0	0	0	0	0	0	0	0	0	0	0
37f7d638d6575b47170c5e027402a8d4	0	0	0	0	0	0	0	0	0	0	0	0	0	0	0	0	0	0	0	0
980efb771de96208c6f98a0305684ca6	0	0	0	0	0	0	0	0	0	0	0	0	0	0	0	24	0	0	0	0
ed58cb9445bf72674b523492fa621d76	0	0	0	23	0	0	0	0	0	0	0	0	0	0	0	0	0	0	0	0
778c6e9c811981f6a9e9dd7884171f72	0	0	0	0	0	0	0	0	0	0	23	0	0	0	0	0	0	0	0	0
8fea5f0cf494b6fad442f9ec77983477	0	0	0	0	0	0	0	0	0	0	0	0	0	0	0	0	23	0	0	0
76c53e63132203525957d9de4bf91e19	0	0	0	0	0	0	0	0	0	0	0	0	0	0	0	0	0	23	0	0
6ef17e629a694a9de98d381008a6f6a7	0	0	0	0	0	0	0	0	0	0	0	0	0	0	0	0	0	0	0	0
5d0d038b95d72a4d512e7173df110b4a	0	0	0	0	0	0	0	0	0	0	0	0	0	0	0	0	0	0	0	0
fdc4eaca00f2878f4d6e3feed08a9749	0	0	0	0	0	0	0	0	0	0	0	0	0	0	0	0	0	0	0	0
fd07335caf9d9a9dcda4d756128c7510	0	0	0	0	0	0	0	0	0	0	0	0	0	0	0	0	0	0	0	0
025836e19acb94a000a776329f325a08	0	0	0	0	0	0	0	0	0	0	0	0	0	0	0	0	0	0	0	0
e1931420ccad1038703bd25bb0bb5d92	0	0	0	0	0	0	0	0	0	0	0	0	0	0	0	0	0	0	0	0
2da9ab8c95475e13a0b4332313a5fb56	0	0	0	0	0	0	0	0	0	0	0	0	0	0	0	0	0	0	0	0
41577791c50767096f5458b5772a8807	0	0	0	0	0	0	0	0	0	0	0	0	0	0	0	0	0	0	0	0
7f63affd0132db2e09f2ae8e86bbbc16	0	0	0	0	0	0	0	0	0	0	3	0	0	0	0	8	0	0	0	0
422f68529d535091847d7af92003ec58	0	0	0	0	10	0	0	0	0	0	0	0	0	0	0	0	0	0	0	0
21ec10e711b60c6d11162e6697412981	0	0	0	0	0	0	0	0	0	0	0	0	0	0	20	0	0	0	0	0
9f83740060820e3ef0cbab8062d10e37	0	0	0	0	0	0	0	0	0	0	0	0	0	0	0	0	0	0	0	0
f10f4c4f96a2deead6e05b2fabae93c5	0	0	0	0	0	0	0	0	0	0	0	0	0	0	0	0	0	0	0	0
78269698be6b2f5440f3009141e01528	0	0	0	0	0	0	0	0	0	0	0	0	0	0	0	19	0	0	0	0
ddf3e772358a4cda4f585b4d15d78d4f	0	0	0	0	0	0	0	0	0	0	0	0	0	0	0	19	0	0	0	0
eb4aa1e3e73ad320b2a164709d518e61	0	0	0	0	0	0	0	0	0	0	0	0	0	0	0	19	0	0	0	0
01344683a3193483a5928ba9ea03b10c	0	0	0	0	0	0	0	0	0	0	0	0	0	0	0	0	0	0	0	0
69125c4cec503f8431d295bf2cb701ac	0	0	18	0	0	0	0	0	0	0	0	0	0	0	0	0	0	0	0	0
bd05ac648a26b09bbf2b9869dcf04436	0	0	0	0	0	0	0	0	0	0	0	0	0	0	0	0	0	18	0	0
67e4f1d65d14f24ead882b30abd25917	0	0	0	0	0	0	0	0	0	0	0	0	0	0	0	0	0	0	0	0
902c648849542628c076bcc74cff9f0d	0	0	0	17	0	0	0	0	0	0	0	0	0	0	0	0	0	0	0	0
f7a92a91f649bf2e56852178cb6dc22b	0	0	0	0	0	17	0	0	0	0	0	0	0	0	0	0	0	0	0	0
bf6d7d983d3d1b26eb6a111559f93584	0	0	0	0	0	17	0	0	0	0	0	0	0	0	0	0	0	0	0	0
66c4ebad14ac5eefc353180140e2b701	0	0	0	0	0	0	0	0	0	0	0	0	0	0	0	0	0	0	0	0
d81b78182b0c1bd08e1614f2a8766635	0	0	0	0	0	0	0	0	0	0	0	0	0	0	0	0	0	0	0	0
c956f8387a2b123f68ad982b6e6cef53	0	0	0	0	0	0	0	0	0	0	0	0	0	0	0	0	0	0	0	0
d040b51492b2f9edb251996acdd14491	0	0	0	0	0	0	0	0	0	0	0	0	0	0	0	0	0	0	0	0
57deb21ff93403be7730233c7a79c0c3	0	0	0	0	0	0	0	0	0	0	0	0	0	0	0	0	0	0	0	0
8f9765529ac89e48355497cd47600e95	0	0	0	0	0	0	0	0	0	0	0	0	0	0	0	16	0	0	0	0
b585eeb1e696c786a926513ca77d16c5	0	0	0	0	0	0	0	0	0	0	0	0	0	0	0	16	0	0	0	0
ca9094a7ab9910a01cec944b6a68a3be	0	0	0	0	0	0	0	0	0	0	0	0	0	0	0	0	0	0	0	0
833df30d111cfa84517e240be048c468	0	0	0	0	0	0	0	0	0	0	13	0	0	0	0	0	0	0	0	0
42dd9eaab68140c17289d61793391052	0	0	0	0	0	0	0	0	0	0	0	0	0	0	0	0	0	0	0	0
59758b6a204084a4ce03260b08ee70d3	0	0	15	0	0	0	0	0	0	0	0	0	0	0	0	0	0	0	0	0
4e4560e2d3b46ea12ccca6a3508211d1	0	0	0	0	0	0	0	0	0	0	0	0	0	0	0	0	0	0	0	0
1ab2075aad180059a5ed3208f8cb8a39	0	0	0	0	0	0	0	0	0	0	0	0	0	0	0	0	0	0	0	0
7fd539b1f3b92669831236ae5e5d6076	0	0	0	0	0	0	0	0	0	0	0	0	0	0	0	0	0	0	0	0
fe5e647d31672dcaa738f8d4a3d77b6d	14	0	0	0	0	0	0	0	0	0	0	0	0	0	0	0	0	0	0	0
2127e6419b6a49530fd58d89034ee96e	0	0	0	0	0	0	0	0	0	0	14	0	0	0	0	0	0	0	0	0
ec301ce115e6db15e2d8068068c952c1	0	0	0	0	0	0	0	0	0	0	0	0	0	0	0	0	0	0	0	0
29186291c93cdcf656c0391fa898fc7a	0	0	0	0	0	0	0	0	0	0	0	0	0	0	0	0	0	0	0	0
33a7777b7677a769c119392ca2df9503	0	0	0	0	0	0	0	0	0	0	0	0	0	0	0	0	0	0	0	0
d87ca89bfb59e933ee4ae04378a46519	0	0	0	0	0	0	0	0	0	0	0	0	0	0	0	0	0	0	0	0
e112d3f6706b8f1e3e44bf7ebd52655f	0	0	0	0	0	0	0	0	0	0	0	0	0	0	0	0	0	0	0	0
ea4aa4d4c03294fdd4147fa36864be33	0	0	0	0	0	0	0	0	0	0	0	0	0	0	0	0	0	0	0	0
4e9e180e6f947f0f5e368a20bce3a3e7	0	0	0	0	0	12	0	0	0	0	0	0	0	0	0	0	0	0	0	0
037521dbf1419b4e503123ed4eee0383	0	0	0	0	0	0	0	0	0	0	0	0	0	0	0	0	0	0	0	0
823640b5d2e3a175da37d3ad51dbbca3	0	0	0	0	0	0	0	0	0	0	12	0	0	0	0	0	0	0	0	0
acba6dad139124086a55465b6df8b64a	0	0	0	0	0	0	0	0	0	0	0	0	0	0	12	0	0	0	0	0
a8a06f965c358a294edbfee3bc0d480a	0	0	0	0	0	0	0	0	0	0	0	0	0	0	0	12	0	0	0	0
2dff52510cbf2759cac023354fae8ec3	0	0	0	11	0	0	0	0	0	0	0	0	0	0	0	0	0	0	0	0
fcd91f8940e76a6a5f9fb75980dfe6d9	0	0	0	0	0	0	0	0	0	0	0	0	0	0	0	0	0	0	0	0
80da8446c19e792d563821b1abfc5665	0	0	0	0	0	0	0	0	0	0	0	0	0	0	0	0	0	0	0	0
760d7aa20f151d3001b36786afbf3208	0	0	0	0	0	0	0	0	0	0	0	0	0	0	0	0	0	0	0	0
517e6135836ed5d4e7e2799cacec706b	0	0	0	0	0	10	0	0	0	0	0	0	0	0	0	0	0	0	0	0
9021acd1ccc67c3c9e2f9e729257b32d	0	0	0	0	0	0	0	0	0	0	0	0	0	0	0	0	0	0	0	0
4f6326acf3ef470d507913d03d1cd123	0	0	0	0	0	0	0	0	0	0	0	0	0	0	0	0	0	0	0	0
304771e4979e5fad6caafad084cf9ad0	0	0	0	0	0	0	0	0	0	0	0	0	0	0	0	0	0	0	0	0
6dda70f82448824761e5c4309112ed91	9	0	0	0	0	0	0	0	0	0	0	0	0	0	0	0	0	0	0	0
901d2a7a82bb4f8d1c35cb2b94c58430	0	0	0	9	0	0	0	0	0	0	0	0	0	0	0	0	0	0	0	0
12b5ea70846c12ce8a14d82fb68339de	0	0	0	0	0	0	0	0	0	0	0	0	0	0	0	0	0	0	0	0
3c520f5835784f4c6b106b2536ae552b	0	0	0	0	0	0	0	0	0	0	0	0	0	0	0	0	0	9	0	0
793ad35a7f0eb5e8fb67d66156d4b615	0	0	0	0	0	0	0	0	0	0	0	0	0	0	0	0	0	0	0	0
78229e8dd1ca07fea3c223e27270ed1d	0	0	0	0	0	0	0	0	0	0	0	0	0	0	0	0	0	0	0	0
c43ba07255639a1be36707222d57c653	0	0	0	0	0	0	0	0	0	0	0	0	0	0	0	0	0	0	0	0
9f9ccc9a49b4e2bb75ddd3585d3c617d	0	0	0	0	0	0	0	0	0	0	0	0	0	0	0	0	0	0	0	0
e28ec055ba513df447581e3f4a56bc86	0	0	0	0	0	0	0	0	0	0	0	0	0	0	0	0	0	0	0	0
2e61138ee368406f323ec286705114c8	0	0	0	0	0	0	0	0	0	0	0	0	0	0	0	0	0	0	0	0
ec7028b515bdf10d04dbc5dac921e3d4	0	0	0	0	0	0	0	0	0	0	0	0	0	0	0	0	0	0	0	0
5497a5de625aac2bfacb28e8193f6969	7	0	0	0	0	0	0	0	0	0	0	0	0	0	0	0	0	0	0	0
b0bf0083790c13de94a65d56c8a1e5a0	0	0	0	0	0	0	0	0	0	0	0	0	0	0	0	0	0	7	0	0
7e46a45dbec51fb8635888c718f646d5	0	0	0	0	0	0	0	0	0	0	0	0	0	0	0	0	0	0	0	0
da30d2609104bfa7dd9ffd04f1b27ffb	0	0	0	0	0	0	0	0	0	0	0	0	0	0	0	0	0	0	0	0
1e2375cee06c048ff087154c18f02834	0	0	0	6	0	0	0	0	0	0	0	0	0	0	0	0	0	0	0	0
e23ceec712d7936d935352f9b9faf31a	0	0	0	0	0	6	0	0	0	0	0	0	0	0	0	0	0	0	0	0
602a55d9b81619fb28b6d366cf3bdb44	0	0	0	0	0	0	0	0	0	0	0	0	0	0	0	0	0	0	0	0
473ec3dc3e1699f57062a82222f74951	0	0	0	0	0	0	0	0	0	0	0	0	0	0	0	0	0	0	0	0
1ae3115b44da5697539586454bede102	0	0	0	0	0	0	0	0	0	0	0	0	0	0	0	0	0	0	0	0
5f2cff7e4a8d3fa95bfb432d25483755	0	0	0	0	0	0	0	0	0	0	0	0	0	0	0	0	0	0	0	0
1316ffa23b72d40ab4d432b0b3c48c61	0	0	0	0	0	4	0	0	0	0	0	0	0	0	0	0	0	0	0	0
2ec6347be80a7a2da59601496e816fe6	0	0	0	0	0	0	0	0	0	0	0	0	0	0	0	0	0	0	0	0